1803: [1, 1, 7, 4, 7, 1, 4, 8, 8, 4]
1805: [7, 1, 3, 4, 4, 4, 4, 2, 6, 6, 8, 5, 3, 7]
1805: [1, 4, 7, 1, 4, 8, 8, 4]
1806: [7, 1, 3, 4, 4, 4, 4, 2, 6, 6, 8, 5, 3, 7]
1806: [1, 7, 1, 4, 3, 7, 1, 7, 8, 8, 4]
1808: [1, 1, 2, 7, 3, 1, 1, 8, 8, 4]
1809: [1, 7, 1, 4, 3, 5, 1, 7, 8, 2, 8, 4, 4]
1811: [1, 1, 7, 4, 7, 4, 8, 8, 4]
1811: [7, 1, 6, 3, 5, 4, 6, 4, 4, 2, 6, 6, 8, 5, 3, 7]
1812: [7, 1, 3, 4, 4, 4, 4, 2, 6, 6, 8, 5, 3, 7]
1812: [1, 7, 1, 3, 7, 1, 4, 3, 8, 4]
1812: [1, 1, 7, 7, 2, 1, 4, 8, 8, 4]
1813: [7, 3, 3, 4, 1, 4, 1, 4, 7, 6, 6, 8, 5, 5, 7]
1813: [7, 1, 6, 3, 7, 1, 4, 3, 8, 4]
1813: [1, 7, 1, 4, 3, 7, 1, 7, 8, 8, 4]
1814: [1, 7, 1, 3, 1, 4, 8, 8, 4]
1814: [1, 2, 4, 3, 7, 1, 7, 8, 4]
1814: [1, 7, 1, 4, 3, 5, 1, 7, 1, 6, 2, 8, 4, 4]
1814: [7, 1, 3, 4, 4, 7, 4, 2, 6, 8, 5, 3, 7]
1815: [7, 1, 3, 4, 4, 4, 4, 2, 6, 6, 8, 5, 3, 7]
1815: [1, 1, 2, 7, 4, 4, 8, 8, 4]
1816: [1, 2, 4, 6, 1, 1, 7, 8, 4]
1817: [2, 5, 2, 8, 8, 8, 7, 4, 2, 8, 5, 7, 7, 1, 6, 5, 2, 6, 6]
1817: [1, 1, 2, 7, 3, 1, 1, 8, 8, 4]
1819: [5, 2, 8, 8, 8, 7, 7, 4, 2, 8, 1, 7, 7, 1, 8, 5, 4, 2, 6]
1819: [7, 5, 8, 8, 8, 7, 4, 2, 8, 2, 7, 1, 3, 5, 4, 2, 6]
1819: [7, 3, 3, 4, 6, 2, 1, 4, 7, 6, 5, 6, 8, 5, 5, 7]
1819: [1, 1, 2, 7, 6, 4, 3, 8, 4]
1820: [2, 5, 2, 8, 8, 8, 7, 4, 2, 5, 7, 7, 1, 6, 5, 2, 6]
1820: [2, 5, 8, 8, 7, 4, 2, 2, 1, 8, 5, 4, 2, 6]
1821: [2, 5, 2, 8, 8, 8, 7, 4, 2, 8, 5, 7, 7, 1, 6, 5, 2, 6, 6]
1821: [1, 1, 2, 7, 3, 1, 1, 8, 8, 4]
1822: [7, 3, 3, 4, 1, 4, 4, 7, 6, 6, 8, 5, 5, 7]
1822: [7, 3, 3, 4, 6, 2, 1, 4, 7, 6, 5, 6, 8, 5, 5, 7]
1824: [5, 2, 8, 3, 8, 7, 7, 2, 8, 1, 7, 7, 1, 8, 5, 2, 2, 6]
1824: [1, 1, 2, 1, 2, 7, 4, 4, 8, 8, 4]
1824: [5, 2, 8, 8, 8, 7, 7, 4, 2, 8, 1, 7, 1, 8, 5, 4, 2, 6]
1824: [7, 3, 3, 4, 1, 4, 2, 7, 6, 6, 8, 5, 1, 5, 7]
1825: [5, 2, 8, 3, 8, 7, 7, 2, 8, 1, 7, 7, 1, 8, 5, 2, 2, 6]
1825: [5, 2, 8, 8, 5, 7, 7, 2, 8, 1, 2, 7, 1, 8, 5, 2, 2, 6]
1825: [7, 6, 7, 3, 4, 1, 4, 5, 7, 6, 6, 8, 5, 5, 7]
1826: [7, 3, 3, 4, 3, 2, 1, 4, 7, 6, 5, 7, 8, 5, 5, 6, 7]
1826: [5, 2, 8, 3, 8, 7, 7, 2, 8, 1, 7, 7, 1, 8, 5, 2, 4, 2, 6]
1826: [1, 6, 1, 2, 7, 3, 3, 1, 1, 8, 8, 4]
1826: [7, 5, 8, 8, 8, 7, 4, 2, 8, 2, 7, 1, 3, 5, 4, 2, 6]
1828: [3, 5, 2, 8, 8, 8, 7, 7, 6, 2, 4, 1, 7, 7, 7, 8, 5, 4, 7, 6]
1828: [1, 1, 2, 7, 3, 1, 5, 1, 8, 4]
1830: [5, 2, 8, 8, 2, 7, 7, 2, 8, 5, 7, 7, 1, 8, 5, 4, 2, 6]
1830: [2, 5, 2, 8, 8, 3, 8, 7, 4, 2, 8, 5, 7, 1, 6, 5, 2, 6, 6]
1833: [5, 2, 8, 8, 2, 7, 7, 2, 8, 5, 7, 7, 1, 1, 6, 4, 7, 6]
1833: [5, 2, 8, 8, 5, 7, 7, 2, 8, 1, 2, 7, 1, 8, 6, 5, 2, 2, 6]
1833: [7, 6, 7, 7, 3, 4, 1, 4, 5, 6, 6, 8, 5, 5, 6, 7]
1834: [5, 2, 8, 8, 2, 1, 7, 2, 8, 4, 5, 7, 7, 1, 8, 5, 4, 2, 6]
1834: [3, 5, 2, 8, 8, 8, 7, 7, 6, 2, 4, 1, 7, 7, 7, 8, 5, 7, 6]
1836: [8, 7, 1, 8, 4, 7, 7, 3, 6, 6, 2, 2, 2, 5, 7, 6, 8, 1, 8]
1838: [5, 2, 8, 8, 2, 7, 2, 8, 5, 7, 7, 1, 1, 8, 1, 4, 7, 6]
1839: [5, 2, 8, 8, 2, 7, 7, 2, 8, 5, 7, 7, 1, 1, 6, 4, 7, 6]
1841: [5, 2, 8, 8, 2, 7, 2, 8, 5, 7, 1, 1, 4, 1, 4, 1, 6]
1843: [8, 7, 1, 8, 1, 7, 7, 1, 3, 6, 6, 2, 8, 2, 7, 6, 6, 1, 8]
1843: [8, 7, 1, 5, 4, 7, 7, 3, 6, 6, 2, 8, 2, 5, 7, 1, 6, 8, 1, 8]
1844: [4, 8, 5, 1, 7, 2, 7, 5, 2, 6, 2, 4, 5]
1845: [8, 7, 1, 8, 4, 7, 7, 3, 6, 6, 2, 2, 2, 5, 7, 6, 8, 1, 8]
1845: [5, 2, 8, 8, 2, 7, 2, 8, 5, 7, 1, 1, 4, 1, 4, 1, 6]
1846: [5, 8, 7, 1, 8, 1, 7, 7, 1, 3, 6, 6, 2, 8, 2, 7, 6, 6, 4, 8]
1846: [8, 7, 1, 8, 7, 7, 1, 3, 6, 6, 2, 8, 2, 7, 6, 6, 1, 8]
1847: [7, 1, 8, 7, 7, 1, 3, 6, 6, 2, 8, 2, 7, 6, 6, 1, 8]
1847: [8, 7, 1, 5, 4, 7, 7, 6, 6, 2, 8, 2, 5, 7, 1, 6, 8, 1, 8]
1848: [4, 8, 5, 7, 1, 7, 2, 2, 4, 5, 2, 6, 7, 4, 1, 5]
1850: [4, 8, 5, 1, 7, 2, 5, 2, 6, 7, 4, 5]
1850: [4, 8, 1, 7, 2, 7, 5, 2, 6, 1, 2, 4, 5]
1851: [4, 8, 5, 7, 1, 2, 2, 2, 4, 5, 1, 2, 6, 7, 4, 1, 5]
1852: [8, 7, 1, 1, 7, 7, 1, 3, 6, 6, 2, 2, 7, 6, 6, 1, 8]
1852: [4, 8, 5, 1, 3, 5, 2, 5, 4, 5]
1852: [8, 7, 1, 8, 4, 7, 7, 6, 6, 2, 2, 2, 5, 7, 6, 8, 1, 8]
1854: [8, 7, 1, 8, 4, 7, 7, 3, 6, 7, 2, 2, 5, 7, 6, 8, 1, 8]
1854: [4, 8, 7, 1, 2, 2, 2, 4, 5, 1, 2, 6, 7, 4, 1, 5]
1861: [4, 4, 8, 6, 1, 3, 5, 2, 5, 6, 5]
1865: [4, 4, 8, 6, 3, 6, 2, 5, 6, 5]
1866: [4, 4, 8, 6, 1, 3, 5, 2, 5, 6, 5]
1870: [4, 5, 5, 1, 3, 5, 5, 2, 2, 4, 5]
